Input Sample	B cells naive	B cells memory	Plasma cells	T cells CD8	T cells CD4 naive	T cells CD4 memory resting	T cells CD4 memory activated	T cells follicular helper	T cells regulatory (Tregs)	T cells gamma delta	NK cells resting	NK cells activated	Monocytes	Macrophages M0	Macrophages M1	Macrophages M2	Dendritic cells resting	Dendritic cells activated	Mast cells resting	Mast cells activated	Eosinophils	Neutrophils	P-value	Pearson Correlation	RMSE
X3096.PBK.0001	0.01197687230095452	0	0.005123959608379344	0.008381831245996575	0	0.05417046664302102	0	0.01605208275407031	0	0	0.004679838473394688	0.008488750313955351	0.056997640630113436	0	0.006750497510101776	0.3382206112772706	0	0.0005	0.4886781397853512	0	0	0	0	0.5627556872074239	0.8273767447776395
X3096.PBK.0002	0	0.0021062544633477834	0.0013277903115142837	0.01042288317918036	0	0.07340573663559533	0	0.006090047025646991	0	0	0.005501356197435126	0.020773729315873214	0.01658250350753659	0	0.003604987366082818	0.33349381550259294	0	0.0007	0.5260085333964066	0	0	0	0	0.6863091272822588	0.730914249922183
X3096.PBK.0004	0.004893843374111849	0	0.02506532153634274	0.05743467291931265	0	0.09931391166725273	0	0.02446387128602365	0.01904307287245345	0	0	0	0.03626606270344207	0	0.0052599540224858065	0.38971047051858837	0.00942835442351024	0	0.3291204646764764	0	0	0	0.006	0.29279031892142376	0.975371119760822
X3096.PBK.0005	0	0.006835417400260721	0.006740310535225366	0.04332940008548353	0	0.12910015601853295	0	0.03596235485397523	0.011310917523755617	0	0	0.04250912709630536	0.043229871194655954	0	0.005361168457451961	0.2781565008058133	0.10647092020920265	0	0.2909679715493609	0	0	0	0.001	0.41545591507876856	0.909941908466787
X3096.PBK.0006	0.004005116187062433	0	0	0.07498923575137169	0	0.13830109113344857	0	0.046638031363422594	0.026834549462920108	0	0	0.01836708116312061	0.0668663672329231	0	0.012098798188669402	0.26801400084630544	0.07088961345843862	0	0.27299611521231737	0	0	0	0.003	0.3706628660867	0.9308824616616423
X3096.PBK.0009	0.0010104474999990036	0.003599047282806707	0	0.03519488896601101	0	0.09113733489246675	0	0.012236443200435895	0.037277722916912864	0	0	0.0326307086814597	0.022919646305097033	0	0.017886422285091283	0.2508753836306185	0.021757977283280727	0	0.47347397705582056	0	0	0	0	0.5412855588406905	0.8409212022986483
X3096.PBK.0010	0	0.016803324308999227	0	0.04222563011030399	0	0.0785529706623937	0	0.005279054972578345	0.00929130259016153	0	0	0.030096899848084044	0.08559182291618812	0	0.01884852390053706	0.34475697315276943	0.005645512282968305	0	0.3629079852550163	0	0	0	0	0.5582262758908092	0.8314012245698036
X3096.PBK.0011	0.004928715485161745	0	0.017347638040705684	0	0.019701571629000332	0.08425072282469154	0	0.023902865195459998	0.042648182850819644	0	0.01178561126621718	0.021910719374873308	0.03787399992462776	0	0.012677196452765008	0.30538667480551807	0.0004	0	0.417225922091057	0	0	0	0.012	0.24952156949947826	1.0058037752242261
X3096.PBK.0012	0	0.003381418743289998	0.012568487877231837	0.012318659553430913	0	0.07053371359637338	0	0.04171635977677065	0.01117825016062702	0	0	0.035346946159081634	0.013076679592053938	0	0.00756079373340341	0.2905811260118006	0.07035482458745947	0	0.43138274020847717	0	0	0	0.006	0.31525127379805107	0.9736590677131755
X3096.PBK.0013	0	0.008936050860845245	0.0025021200418501584	0.05455397902396466	0	0.15909846291520818	0	0.022192412577256435	0.02608705208502399	0	0	0.06424082587968306	0.0002	0	0	0.16348185435676812	0.20859388751475164	0.013093683207930019	0.2726824560996759	0	0	0.0043234603093019	0.001	0.4125389017059691	0.910953382307006
X3096.PBK.0014	0	0.007901539573279954	0.0019129773761583891	0	0	0.088235691414161	0	0.02128150901532164	0.011138063105313357	0	0.011057933991239485	0.020709398108203946	0.012899424748800107	0	0.002361515967285662	0.23220600546877057	0	0.004573878634992722	0.5857220625964731	0	0	0	0	0.44544862928823975	0.9188396123023969
X3096.PBK.0015	0.0017753081890817906	0	0.021846079550172842	0	0	0.22662651803068765	0	0.025442840682071415	0.03190473481492485	0	0.04941370742068098	0.007738093092154497	0.025768761866499276	0	0	0.28659156556138915	0	0.009167344598047451	0.3137250461942901	0	0	0	0.032	0.19687481044552874	1.0144912431806838
X3096.PBK.0016	0.007200995402141101	0.004391079675915165	0.008391574915638753	0.001048573661084151	0	0.03284603433999665	0	0.0195114992610407	0	0	0	0.017933160857884507	0.002487605532661113	0	0	0.4752102354364828	0	0.0034944505577326765	0.4226701864443862	0	0	0.004814603915036319	0	0.4839317901199559	0.8803695702466584
X3096.PBK.0019	0	0	0.0025148230719893193	0.026967498357101202	0	0.10909307549546937	0	0.015751799216096856	0.0016941084370793254	0	0	0.04876894263960753	0.004281826863735481	0	0	0.30832741139322284	0.11244462838275092	0.04860816758143364	0.3215477185615135	0	0	0	0.01	0.25663939678991027	0.9898479914450942
X3096.PBK.0020	0	0.001206419708795843	0.0023137857812793095	0.035966592229661636	0	0.18352374614267286	0	0.009660526589627025	0.07649377257749	0	0	0.02251131929632325	0.02727398024553108	0.016817417570863535	0.0022615351181221543	0.14135590481560426	0.12569219009252028	0	0.3549228098315087	0	0	0	0.006	0.31460077050142626	0.9620606654534479
X3096.PBK.0021	0.012359096794183285	0	0	0.03383370192775904	0	0.1639956935308931	0	0.05690795494486561	0.007577828697295224	0	0	0.016284111011746077	0.05066086653854093	0	0.01489843758575953	0.25140400617200304	0.021293679671065883	0	0.3707846231258883	0	0	0	0	0.5760086986327018	0.8221652606575157
X3096.PBK.0022	0.015054617300503814	0	0.004925307010122174	0.015176029184524376	0	0.10624200918843033	0	0.002728621389057046	0	0	0.011117321643078505	0	0.01424213444210722	0	0.005350673281719229	0.36853773304071175	0	0	0.4566255535197455	0	0	0	0	0.5569456353212704	0.8308539049089565
X3096.PBK.0023	0.007799783314662449	0	0	0.037378184579654625	0	0.19271091267056165	0	0.03062903364299826	0.04633626392834068	0	0	0.04916663998683623	0.05159000624053342	0	0.029286361937985998	0.22885136475297588	0.06184993577605859	0	0.26440151316939225	0	0	0	0.005	0.3238357653229741	0.9514644352888262
X3096.PBK.0024	0	0	0.00247907612463542	0.043384237475839534	0	0.19564623758097416	0	0.007806825077871144	0.017832750670468564	0	0	0.062831228741442	0.010124173483875142	0	0.006021562285310937	0.22851500283435924	0.11917409236639462	0	0.30618481335882913	0	0	0	0.009	0.2646001446247521	0.9825076178188068
X3096.PBK.0025	0.02059419839656668	0	0.0012807673840910716	0.025417397749233437	0	0.059894729978986726	0	0.015370236795103234	0	0	0	0.01688091702290723	0.03103323872950038	0	0.010334020390783401	0.3188095041345869	0.03149683723678205	0	0.46860390931171053	0	0	0.0003	0	0.4425107757003536	0.9056766279264349
X3096.PBK.0026	0	0.004796328072578935	0.004182804423166875	0.027885895406597448	0	0.12559309566716104	0	0.005945109927768853	0.032961645546142636	0	0	0.031265555656849804	0.023125186172752	0	0.0052348358650660815	0.19727922983833263	0.09930438671893196	0	0.4424259267046517	0	0	0	0	0.5005364197693188	0.86626439341032
X3096.PBK.0027	0	0	0.011362902069076392	0.036925717646341456	0	0.041594280388926146	0	0.027422554505660397	0	0	0.018908551627743877	0.06715849189348745	0.039117520965268014	0	0.013489627057017393	0.3866841943905794	0	0.0010875175791829866	0.35624864187671657	0	0	0	0.034	0.18741525423743396	1.0323213970622362
X3096.PBK.0028	0	0.009819229839933602	0.006962315310671448	0.03197298510914366	0	0.2099706663098645	0	0.011960122734320119	0.0049903126485867895	0	0	0.0544822867580519	0.032128618731165653	0	0.009282874609275757	0.0876843774025505	0.33864582901288187	0	0.2021003815335542	0	0	0	0.271	0.05004922238672855	1.066853949669438
X3096.PBK.0029	0	0.007128948921484155	0.007603951309337748	0.03912305475855133	0	0.15236491719636977	0	0.0018777366324707148	0.003984428554693134	0	0.012145782479618198	0.00336644521204034	0	0	0.00739157728239854	0.25042906781221347	0.0920574986225456	0.0002	0.4223454485837865	0	0	0	0	0.5454208011982383	0.8386342820633086
X3096.PBK.0032	0	0	0.016788669767451254	0.016171378738220735	0	0.10208903195412501	0	0.02053919431667499	0	0	0	0.02107215030020813	0.0040490552928821805	0	0.011449479054359854	0.22497563240748072	0.10575363932620363	0	0.4740135634885413	0	0	0.00309820535385217	0	0.49324574532027055	0.8723973509979462
X3096.PBK.0033	0	0	0.009985582389670839	0.021501539177264967	0	0.11170953454775105	0	0.005562179224844781	0.015871471445551153	0	0	0.029830453145776068	0.01117225801120805	0	0	0.285918266109027	0.07575548009482692	0.013734357030436182	0.4183618982967029	0	0	0.0006	0.007	0.287548615240904	0.9865307391829603
X3096.PBK.0034	0.004676986487988524	0	0.01756505731946893	0.06821351979621396	0	0.1367638122892407	0	0.008591434101031388	0.014829756503642834	0	0.019343101248130906	0.012722006193254462	0.040469754538854076	0	0.018953502620388186	0.37903976749826634	0	0	0.27800413950191877	0	0	0.0008	0.008	0.2795898597114184	0.9758910694828766
X3096.PBK.0035	0	0.006678650303976523	0.0004	0	0	0.1769265737638972	0	0	0.016887280230952244	0	0	0.041659113281600484	0.016292804038165812	0	0.0006	0.17651824405302385	0.17810321941033377	0.01899716929793113	0.3670179993273212	0	0	0	0.019	0.23396006812795508	1.0034244164575417
X3096.PBK.0039	0.043273458431030976	0	0	0.07640769884538773	0	0.16404994939287318	0	0.03820788297080711	0.065261629712081	0	0	0	0.007991334785301445	0	0	0.18309274587536029	0.23286578644465913	0.03666260925943887	0.1442674358158098	0	0	0.007919468467250508	0.079	0.12930646004961582	1.0283238411628224
X3096.PBK.0041	0	0.003937611381745316	0.010982625586549966	0.025809289965671705	0	0.11536637909883864	0	0.009306033848228696	0.01165641196252359	0	0.00831197902521004	0.017530095426118397	0.041983107328900655	0	0.01011950251321148	0.5270801556326205	0	0	0.20831537058156835	0	0	0.009601437648812843	0.003	0.3862388418656361	0.9275367926615725
X3096.PBK.0043	0.003237404190029507	0	0.0009	0	0.03473282534553155	0.08472476461801147	0	0.026185884038641756	0.04858059337067101	0	0	0.02563451240034976	0.03258645084003512	0	0.0151916409549169	0.2778688878868382	0.09534165802783306	0	0.35354873328446407	0	0	0.001488152563471053	0.006	0.2961093343828698	0.972602299499764
X3096.PBK.0122	0.0040007862515335215	0	0.0003	0.05609798271868097	0	0.08463535454106337	0	0.003462035907916284	0.011335583239780934	0	0	0.02040276230616325	0.015890271585117	0	0.013047236218400976	0.427888510099614	0.015775359887625476	0	0.3469162184007067	0	0	0.0002	0	0.4838313338160824	0.8754583694997012
X3096.PBK.0123	0.001319711125454351	0.017034125992363165	0.017427174456823992	0.05263094746663051	0	0.08208141753582165	0	0.004148130148502584	0.013828606688445755	0	0	0.06571328652536033	0.0257780880646696	0	0.005972699841447023	0.3506507959284197	0.08512883015661538	0	0.27828618606944594	0	0	0	0.001	0.41196835922893366	0.9119032050620681
ENCFF722QGY	0.01586011857458691	0	0.04251794618222429	0	0	0.4798407866724752	0	0.0012489884152787185	0.018089371474463743	0	0	0.024446635804420722	0	0.1437436459923999	0	0	0.04014014376318061	0	0.17688266211376444	0	0.021725626574585728	0.03550407443261972	0.774	-0.015	1.1070881358753717
ENCFF044EJX	0	0	0.013638702091916633	0	0	0.3349989776455806	0	0.24043261119818704	0	0	0	0.08254638625839647	0.02400834084070728	0	0.03536714010484262	0	0	0.17828948277134296	0	0.0907183590890264	0	0	0.839	-0.0212	1.132768998142959
ENCFF052HXO	0.022149877511379108	0	0.008106567865023366	0	0.20239408558849992	0.2404314073252214	0	0	0	0	0.014672356901801709	0.016621119390507838	0.005796310046712149	0.16280366745387334	0	0	0	0.018838184365585976	0	0.3081864235513952	0	0	0.133	0.09542177267707881	1.084744696120812
ENCFF063XVI	0.042505545004509725	0	0.04597633462316628	0.0838786979299154	0	0.38112931511248793	0	0	0.038427403798685006	0	0	0.0002	0.03537428389777163	0.12994095493847313	0	0.03998670818954464	0.008677727686748214	0.03945422713399734	0	0.10196324958570935	0.03827528492304969	0.014238090206092789	0.365	0.03043695427503978	1.0817979289061326
ENCFF372VME	0	0	0.012081106008458652	0	0.27172681221315104	0.2271992308862375	0	0	0	0	0.044659247044006034	0	0.009091781478783404	0.10804024965204292	0	0	0	0.0016286446286555407	0	0.32557292808866495	0	0	0.157	0.0841440693791523	1.0971600710520628
ENCFF108ERJ	0.02052157296535743	0	0.0006	0	0.2290825233949129	0.12296625895068211	0	0	0	0	0.0704173911166934	0	0.008025097610532089	0.12491356858839174	0	0	0	0.08464122877189875	0	0.3362509311845536	0.0026055189826172144	0	0.143	0.09016695177571582	1.0844973006202463
ENCFF699KSV	0	0	0.019740869842423014	0	0.18927813626883547	0.342142385755807	0	0	0	0	0.13516847677321728	0	0.06138078187381295	0.03745543663155683	0	0	0	0.021376283516894672	0	0.19345762933745278	0	0	0.287	0.04593857988945879	1.0997556259617436
ENCFF376ZWZ	0.06114403464967165	0	0.017477241865321694	0	0.16156873241545033	0.19444281571992242	0	0.024906745254943092	0	0	0	0.029359126459723033	0	0.132885736420436	0	0	0	0.037380395930721115	0	0.3408351712838107	0	0	0.312	0.04172189533778151	1.1075813721090508
ENCFF886ZLO	0.05617708037430255	0	0.018735999974243543	0	0.22781354733818351	0.2331578962941274	0	0	0	0	0.01687586330253137	0.013597615102822154	0.01076721553410343	0.08653593063966727	0	0	0	0.011775576528788344	0	0.32456327491123044	0	0	0.336	0.036642657921204684	1.1117767952374151
ENCFF111SEX	0.008148479088464073	0	0.016903742721825498	0	0	0.6162668806662156	0	0.012227575537165428	0	0	0.0409794948191084	0.021122327410976017	0.07653797304224408	0.015222872347722939	0.002803089552418179	0	0	0.011393275361776912	0.17797985982105521	0	0.0004	0	0.976	-0.0383	1.1469259594534877
ENCFF755GEI	0	0.013699392014755153	0.014658845996452268	0	0.10928716258474089	0.43776759464620213	0	0.04314019993543328	0.004243402406873733	0	0	0.24076388918877842	0.0501566039559947	0.0031903991505939874	0	0.026109768750544226	0	0	0.04514123095641582	0	0.011841510413215368	0	0.987	-0.0438	1.1862723507015556
ENCFF495BUA	0	0	0.0073620289977238615	0	0.10454787741354789	0.6665112140123373	0	0	0	0	0.08322839316450914	0	0.022921516688972778	0.042771960684005836	0	0	0	0	0.07265700903890322	0	0	0	0.983	-0.0414	1.1883172517874254
ENCFF650BVH	0.11161862080623834	0	0.012442905401771391	0	0.08610827705266494	0.548174599585037	0	0	0	0	0.05486002060845778	0	0	0.11678772922400782	0	0.02549157593369271	0	0	0	0.04451627138813008	0	0	1.0	-0.0531	1.1574699104807427
ENCFF274EWD	0.05587788133459598	0	0.00329482307549741	0	0	0.11415959149795257	0	0.046539491767029775	0	0	0	0.06396477983492131	0.06283166804864072	0	0	0.2733921882765126	0	0	0.32959349816809036	0	0	0.05034607799675927	0.386	0.027366274130355844	1.0923306450645929
ENCFF458UWF	0	0.029341935899235966	0	0.002006293868961427	0	0.12658303631252152	0	0.011727882237279804	0	0	0.07642917883942231	0	0.1860666647570067	0	0	0.2881658163944706	0	0.018051385132622624	0.18744540412013386	0	0.007798999237190006	0.06638340320115522	0.148	0.08756607192081224	1.0586865240880976
ENCFF467LOW	0.12024406072201205	0	0.022886957635936206	0	0.2502064402893507	0.401575788431603	0	0	0	0	0	0.10541494775323142	0.035857431251648045	0	0	0.0008	0	0.012907981698034638	0	0.05008100229180817	0	0	1.0	-0.0577	1.1761056372930367
ENCFF906UPT	0.265253381465275	0	0.007540573893390253	0	0	0.2934183726434431	0	0.12264126834388321	0	0	0	0.20809702021924656	0.024497586341873573	0	0.03129708500631596	0.016735192246502644	0	0	0	0.030519519840069703	0	0	0.99	-0.045	1.159358097511777
ENCFF798LDD	0.015410218743338026	0	0.0040596905266530835	0	0.03511066784379974	0.14329058931868413	0	0	0	0	0	0.021714609325567655	0	0.261015355528172	0	0	0	0	0	0.5193988687137854	0	0	0.003	0.38526455068338444	0.9705913007579592
ENCFF898LWW	0.0008	0	0.00521558365478191	0	0.06729284641972706	0.16736110191661294	0	0	0	0	0	0.013306589563355597	0	0.18562558285380762	0	0	0	0	0	0.5603668186648472	0	0	0.057	0.14760925534145494	1.130979071947561
ENCFF793MNO	0	0	0.011652198381656915	0	0.19052152510667625	0.0965314920579749	0	0	0	0	0.052326217316290904	0	0.009220856761631086	0.31914487038865486	0	0	0	0.04586620308465814	0	0.2747366369024569	0	0	0.436	0.019963549897561057	1.1292676297817388
ENCFF970EZY	0	0	0.0187295343492124	0	0.18748689744392436	0.22719741237316884	0	0.02514118395817812	0	0	0.122553973736492	0	0.04919488541575023	0	0	0	0	0.002235529987216373	0	0.3572026460894669	0.010257936646590781	0	0.153	0.0856418550993802	1.0958084350398645
ENCFF759EQF	0.009733553209181263	0	0.006653417492751354	0	0.12772338634821523	0.2552368775306099	0	0.03105374055740141	0	0	0.1425532654688151	0	0.04382906729044519	0.009442917476991948	0	0	0	0.0003	0	0.35780158722264677	0.01569250242263935	0	0.18	0.07669099715973135	1.100957673236119
ENCFF788QAK	0.0003	0	0.008381365490122732	0	0	0.4731015397441967	0	0	0	0	0.045734011664076576	0.07560736320493988	0.025313786299064906	0.1499011102603918	0.011366209721184071	0	0.00939176842694765	0	0.1843200288555793	0	0.016559245092862693	0	0.828	-0.0206	1.1203719812828143
ENCFF848HBI	0.024377822177957545	0	0.01739599492776701	0	0	0.4895057480729276	0	0	0.0059499163040022136	0	0.1218999992300845	0	0.04490902722328924	0.10875249488329827	0.0665120383566613	0	0	0.012407283535366815	0.07746158058835784	0	0.03082809470028766	0	0.871	-0.0248	1.1160238810690213
ENCFF249RAD	0.08646519443921964	0	0.06610992971539051	0	0.2144116449384304	0.20500213654643262	0	0	0	0	0.05426773806861203	0	0.025658733185029738	0.11129856508190605	0	0	0	0.00989723939437636	0	0.21737685647157617	0.009511962159026506	0	0.367	0.029918065676594666	1.0884524243584757
ENCFF852SRQ	0	0	0.01696913873395799	0	0.2410011474292223	0.17097122072933318	0	0	0	0	0.07142255039983872	0	0	0.19601685106743702	0.0037415413326275793	0	0.0052546585474939535	0	0	0.29462289176008927	0	0	0.364	0.03085647921619029	1.1149929612369318
ENCFF050NVH	0.0162326381482888	0	0.026892862614109517	0	0.1942587632695004	0.45406823987582984	0	0.01925037691812627	0	0	0	0.015419221524101617	0.06077434071837972	0	0	0	0	0.007192923266437318	0	0.18916650080304354	0.016744132862183018	0	0.398	0.02513568401677119	1.1226201708082661
ENCFF870JUS	0	0	0.035473148084242775	0	0.007998765633607076	0.3362595383869885	0	0.08714650482739031	0.02137100664932368	0	0.07215233255526604	0.014907038727238812	0.014000498940252808	0.09230183056721034	0.026701927928966997	0.02682250890066148	0.005787722526602254	0.001279846962329632	0.2577973293099193	0	0	0	0.982	-0.0406	1.1187237625302013
ENCFF353DEP	0.04597579251696849	0	0	0	0.2500692850000984	0.3632747200230178	0	0	0	0	0.08860144431589263	0	0.03352077927557847	0.07895616901900558	0	0	0	0	0.13960180984943865	0	0	0	1.0	-0.0536	1.1521731875527872
ENCFF436XMQ	0.22905848097918574	0	0.0015723963073174915	0.004048909178829757	0	0.398673569059116	0	0.020604078859869597	0	0	0	0.23671592826074783	0.0109166286128209	0.03605218217514769	0	0.007122255148395665	0	0.04657392487137428	0.005985538197059231	0	0.002676108350135805	0	0.996	-0.049	1.1725168390877223
ENCFF684KLL	0.19953044030234934	0	0.03980926276064365	0	0	0.2724628792264087	0	0.10511271537895472	0	0	0	0.17028752971454528	0	0	0.001013376783311006	0.18638516293733545	0	0.01289860123840389	0	0	0.012500031658047897	0	0.999	-0.052	1.1306125062581511
ENCFF640FPG	0.034937860558061334	0	0.021574993478002458	0.2716506765168483	0	0.36206868301447803	0	0	0	0	0	0.17505057633743892	0.022731059879235085	0	0	0	0	0.0011082612764299704	0	0.11087788893950586	0	0	0.996	-0.0499	1.197369535091189
ENCFF704TVE	0	0	0	0	0.029678485648124066	0.6127665672329302	0	0	0	0	0.1161499773933285	0.0242082771467605	0	0.1474404007444841	0	0	0	0.03579633685074431	0.0312943754976063	0	0	0.0026655794860219986	0.986	-0.0433	1.1695738167263825
