Input Sample	B cells naive	B cells memory	Plasma cells	T cells CD8	T cells CD4 naive	T cells CD4 memory resting	T cells CD4 memory activated	T cells follicular helper	T cells regulatory (Tregs)	T cells gamma delta	NK cells resting	NK cells activated	Monocytes	Macrophages M0	Macrophages M1	Macrophages M2	Dendritic cells resting	Dendritic cells activated	Mast cells resting	Mast cells activated	Eosinophils	Neutrophils	P-value	Pearson Correlation	RMSE
X3096.PBK.0001	0	0.0024687884863348196	0	0.012282240221808998	0	0.05911486484252013	0	0.014407953408266476	0	0	0.023768480014417344	0.006170183014101565	0.017346792624661184	0	0.0023975606995889254	0.3241471336243627	0	0	0.5378960030639378	0	0	0	0	0.5787603496588214	0.8171892890758753
X3096.PBK.0002	0	0.006127708576227918	0	0	0	0.06436869467692533	0	0.009102399920334684	0	0	0	0.02190061446127893	0.024527428861750415	0	0.0040503437875148264	0.3068569132238105	0	0	0.5630658964921574	0	0	0	0	0.689477820385809	0.7261342553174278
X3096.PBK.0004	0	0	0.007310147326948835	0.009833890688650945	0	0.1430534575151756	0	0.005482797063195832	0	0	0.015673410359339623	0.0005	0.031913433661135616	0	0.017018917164619878	0.3752040808370787	0.0405908764171867	0	0.35346057058947095	0	0	0	0.013	0.28366333497783897	0.9833908943322219
X3096.PBK.0005	0.004748909356289811	0	0.005134448899328162	0.029437711210372842	0.040727347994680814	0.09132278753961134	0	0.021717683532950595	0.028840532646875937	0	0	0.012175901017745972	0.03274872276135532	0	0.0042180306446014905	0.414054415401049	0.008035792081459882	0	0.30683771691367895	0	0	0	0.002	0.40957232314423353	0.9152089175443161
X3096.PBK.0006	0.0031168899453653423	0.0035457732246915986	0	0.05291496956476528	0	0.21020027152994394	0	0.031278782628736575	0.00791364283930935	0	0	0.029769835591946067	0.06344782143099544	0	0.007458577072159037	0.2662098123874771	0.052653821860503526	0	0.2714898019241068	0	0	0	0.003	0.3524550334625462	0.9397118614711831
X3096.PBK.0009	0.0021815778069511076	0.003286616784022424	0	0.027952451651384557	0	0.06999897929221623	0	0.014007801221909796	0.024567345018841173	0	0.004520971619196517	0.02878409835367597	0.009298628297841983	0	0.013283175734601312	0.24809956428503813	0.01673214701537062	0	0.5372866429189502	0	0	0	0	0.554435825048189	0.8341767719671325
X3096.PBK.0010	0.00594631722171493	0	0.0013311949595850026	0.02772917716085926	0	0.05808744625444461	0	0.006298032204659235	0	0	0	0.03042833419802413	0.07889609826819782	0	0.010954599380056792	0.4345914319393909	0	0	0.34573736841306735	0	0	0	0	0.5475759981873888	0.8371036731309588
X3096.PBK.0011	0.005755413396861516	0	0.0021653817198788905	0.039414146581075116	0	0.05461704368675776	0	0.026649815564042417	0.03403499619334937	0	0.015940640957056697	0.01654097806569419	0.05173069920240164	0	0.007592995160350738	0.3309623344967061	0	0	0.4145955549758257	0	0	0	0.023	0.2318772144089581	1.016946143761748
X3096.PBK.0012	0.002901075395420221	0.0042051043938507535	0.004495428610751974	0	0.039193499890857186	0.12042603658280152	0	0.018417300752518292	0.014900096506644171	0	0.015706366801942567	0.010077414999392005	0.022098309215448416	0	0.012613163365600174	0.24483261812900406	0.017502055924001888	0	0.47263152943176673	0	0	0	0.008	0.3056536148829633	0.9845755481147811
X3096.PBK.0013	0.005378881841106892	0.005873422089218356	0	0.039591290220351835	0	0.1773265572714458	0	0.028177598123124634	0.05270697939855218	0	0.028772271811215066	0.025720979513078578	0.03031511012863892	0	0.004061532914213827	0.21213222237557972	0.12603785140175613	0	0.25861555031657163	0	0	0.0052897525951464755	0.002	0.394505399109467	0.9191183711759541
X3096.PBK.0014	0	0.018354668504550517	0.00672877789408072	0	0	0.2099088076640199	0	0.012947283200165381	0.015286111189253793	0	0.03600485387297269	0.015227541361103054	0.006576198331410308	0	0.0032404961585291415	0.18660166518510785	0	0	0.48730407567649214	0	0	0.0018195209623145113	0.002	0.4474196028218761	0.9022510381705886
X3096.PBK.0015	0.0027878036404554944	0.0015828507430851798	0.008095234126752265	0	0.022836562939825503	0.2110452577399942	0	0.024150590645328728	0.024445607563509195	0	0.05114221674883692	0.0004	0.03127732092562078	0	0	0.3538518622763084	0	0.025462148049810892	0.24294835357222738	0	0	0	0.053	0.16485623622000545	1.0233853033357962
X3096.PBK.0016	0	0.0030783290682501506	0.0029591472300366565	0.01247143995501879	0	0.07394707034005982	0	0.006993298300664948	0	0	0	0.013691969710686668	0.01658349473595533	0	0	0.48209577246485474	0	0.00723672624838174	0.3809427519460912	0	0	0	0.002	0.4687442910381257	0.887489455898684
X3096.PBK.0019	0	0.0020046689518696792	0	0.012474400065440532	0	0.13631563945055586	0	0.006812931238771213	0.012242027657639418	0	0	0.04896675487061833	0.002374736249210176	0	0	0.2514940271720608	0.14394405792969658	0.04992005642013925	0.33345069999399823	0	0	0	0.017	0.25248176058415905	0.9915849166391267
X3096.PBK.0020	0.0013872556708113119	0.0034504810581048855	0.0002	0.028634643503392423	0	0.2221335175034106	0	0.00989733598073271	0.05109326807822002	0	0	0.029879714306360602	0.015451250440072653	0.01736405631014332	0.0013409528336875063	0.1314245678374888	0.12690959982934372	0	0.36088162007212987	0	0	0	0.008	0.3060558226504414	0.9673655189378434
X3096.PBK.0021	0.01094416654414719	0	0	0.020601799153461144	0	0.16806461576763562	0	0.02718909603131157	0.009967989538853358	0	0	0.03318103130501538	0.04351973893737234	0	0.016924273640063842	0.2545079978805025	0.015734649879967887	0	0.39936464132166916	0	0	0	0	0.5908406768205184	0.8111810379055726
X3096.PBK.0022	0.021243453402654426	0	0.004907949769853842	0.01201519705576701	0	0.10308868880532414	0	0.005080844824328272	0.001528842481314637	0	0.01140365369101242	0.006559067989067738	0.01386824465584777	0	0.0013812177920366421	0.356250442771577	0	0.002067224796905159	0.4606051719643109	0	0	0	0	0.5607838356722856	0.8282041440279111
X3096.PBK.0023	0.007444809294963811	0	0	0.030079095566977528	0	0.19582838340703274	0	0.02240000748044578	0.028946784179419423	0	0.003644553588548981	0.033519249836753556	0.04053615161293069	0	0.03561155107770264	0.23037365714658323	0.059370122168422204	0	0.31224563464021937	0	0	0	0.004	0.3442142787207331	0.944380401943099
X3096.PBK.0024	0	0	0	0.034779561768415124	0	0.18971982148368277	0	0.004562631254027513	0.0031991374741159565	0	0	0.0598252894515936	0.0010836386122248694	0	0.0015032733781316192	0.2998445170742072	0.12890481829327002	0.0005	0.27607904130336536	0	0	0	0.015	0.2677157117569064	0.980877756611753
X3096.PBK.0025	0.011031105427834304	0	0	0.014321668356250148	0	0.041799280196814274	0	0.00866387423227102	0	0	0	0.010508440338992243	0.013144936140678989	0	0.006300635953944607	0.3626021242695635	0.024825368520948438	0	0.5068025665627026	0	0	0	0.002	0.4442213290388357	0.9117014362859427
X3096.PBK.0026	0	0.002970991734331979	0.002061905179749414	0.014395937477104366	0	0.12604987355658223	0	0	0.019133706817058498	0	0	0.03262281744571803	0.013522989288216323	0	0.006430273079237653	0.20129870196651256	0.11711449816665691	0	0.4643968200133671	0	0	0	0.001	0.4979300929266388	0.868879433219274
X3096.PBK.0027	0	0.027911074355882026	0.007389506817439796	0.022493496504341712	0	0.1933620118516047	0	0.007809991063314078	0.04003548755426228	0	0.06677347720174731	0.0755808468040354	0.08490778872871842	0	0.006831314200023985	0.16586445941569655	0.00554089737700475	0	0.29549964812592894	0	0	0	0.062	0.14733450761670325	1.0359847369766504
X3096.PBK.0028	0	0.003029832845329153	0.006111489673812209	0.06184066176761908	0	0.24946494812030773	0	0.012383493426977518	0.04980126401960024	0	0	0.020510535704982034	0.017488407913766334	0	0.012720936545658382	0.12314868057193533	0.3414740726865559	0	0.08929216230895762	0.007610958951894685	0	0.005122555462603893	0.313	0.041853041419133846	1.0702686690488146
X3096.PBK.0029	0	0.007652231363921696	0.004332959719681986	0.023350036710805162	0	0.12397957944818921	0	0.0002	0.003999204041720337	0	0	0.021997632711086113	0	0	0.0033293854441842027	0.26095903971638407	0.09172132952389558	0	0.458437254522948	0	0	0	0	0.5475930547149694	0.836996967003467
X3096.PBK.0032	0	0	0.010539995455159342	0	0	0.11029795599566064	0	0.010965268946598659	0	0	0.0015767232311131821	0.020321925508587368	0.0028372097905382514	0	0.013767352504352081	0.19253353797695313	0.09210812072398111	0	0.5450519098670562	0	0	0	0.001	0.49457285330026163	0.877406552817905
X3096.PBK.0033	0	0.004735344765419569	0	0.0036345461979350627	0	0.06488178412647508	0	0.026650302268266993	0	0	0	0.039246767208151664	0	0	0	0.3295285474050709	0.06976687246786471	0.011669512908762317	0.4498863226520537	0	0	0	0.014	0.2769779510959535	1.0014783685262099
X3096.PBK.0034	0.0001	0.008400112041251902	0.011860730996599548	0.05501115264823749	0	0.08604901454909593	0	0.012279943631785178	0.022977272878978782	0	0.013969642840081254	0.028152763852402875	0.022618578015060613	0	0.014311949738444657	0.3967344565705053	0.0027648893984574792	0	0.304018246402388	0	0	0.020757679073613554	0.015	0.26391555598251587	0.9867626331993505
X3096.PBK.0035	0	0	0.0024204878500076426	0	0.03285775580890444	0.19185431776675427	0	0.008161368980851489	0.024504677250647047	0	0.0390314412974262	0	0.032549558497865526	0.010642859525736056	0.012844551342914644	0.14031482511951796	0.17356582817584162	0	0.3312346437291119	0	0	0	0.025	0.2279989366821461	1.0000484318012035
X3096.PBK.0039	0.01827998810105486	0	0.007068776903011607	0.061604265256565115	0	0.24055011443832275	0	0.026204596721643887	0.03182942142886968	0	0	0	0.024160139808792086	0	0	0.2009134604250796	0.16345191200272574	0.04910656862384038	0.1768307562900943	0	0	0	0.078	0.1300999948647068	1.0291159104971923
X3096.PBK.0041	0	0.003367225672169116	0.005143170575961394	0.01586762375117345	0	0.08822247918642245	0	0.0010805032884920194	0.0069462931212597055	0	0.024364705821488322	0.0064922481621287114	0.034506145780661183	0	0.009244016170397582	0.5620160726473109	0.0002	0	0.23711502219957806	0	0	0.005433215881372702	0.003	0.38521324955756975	0.9314938205200832
X3096.PBK.0043	0.002359005327114921	0.003680563318445838	0.001152640003553965	0	0.06009365953123517	0.12210469425459174	0	0.03627605256627508	0.03525971224214963	0	0	0.03612975486888934	0.02289465988307486	0	0.013189040681925758	0.2467227316175178	0.12740713509154655	0	0.29247073252383393	0	0	0.0003	0.014	0.27217375323855025	0.9770812336126272
X3096.PBK.0122	0.0003	0.0024322117429618744	0	0.02048170376294232	0	0.10684155611226545	0	0.006234119881096416	0.001802231060116263	0	0	0.05636770729405238	0.0467368631816923	0	0.004352349847903753	0.43223512341330955	0.03647479591134348	0	0.28573384290329323	0	0	0	0.002	0.45218849934653804	0.892411931940159
X3096.PBK.0123	0	0.009035040566920683	0.006078094362781773	0.07957756467511641	0	0.08877395300344787	0	0	0.005644210460050561	0	0	0.05778391950591238	0.041678942615006716	0	0.0005	0.3219552895930546	0.13393139695309333	0	0.2550431142168346	0	0	0	0.002	0.39050013550305546	0.9221204883496115
ENCFF722QGY	0	0.025347269660129287	0	0	0.09740069119831359	0.4689279591774078	0	0	0.0376714717323752	0	0.09766429428947038	0	0	0.07809031266372629	0.003512762340489327	0	0	0.0052160060535969876	0.18470169672218853	0	0.0014675361623025516	0	0.85	-0.022	1.1383037807213718
ENCFF044EJX	0.08998415289938409	0	0.03948908869778656	0	0.035673523750744215	0.1602637880565646	0	0.24493495656858924	0	0	0	0.09265983988791782	0.0038247159224568013	0	0.03550323178233544	0	0	0.17643409024416074	0	0.12123261219006048	0	0	0.894	-0.0286	1.1170329439736757
ENCFF052HXO	0.03652510646982667	0	0.008056704135593487	0	0.15052989710476258	0.22501389640145383	0	0	0	0	0	0.04748401643231728	0.0017839400794800121	0.12787323349170335	0	0	0	0.016681902974296527	0	0.3860513029105663	0	0	0.13	0.09703806510543259	1.0950041302380102
ENCFF063XVI	0	0	0.009602686662610082	0	0.14234661144644503	0.16679901577905945	0	0.024548763833870123	0	0	0	0.06064868363427085	0	0.1543649483929266	0	0	0	0.055276403882526165	0	0.3745821222030127	0	0.011830764165279041	0.134	0.09499869820324787	1.093059784021764
ENCFF372VME	0	0	0	0	0.2178470653177683	0.19589679593936649	0	0	0	0	0.0007	0.029377061438511303	0	0.09169365620509703	0	0	0	0.05440955555045472	0	0.41007062466250693	0	0	0.133	0.09534773908427396	1.1043601062541413
ENCFF108ERJ	0.06732906567062495	0	0.01134486672083156	0	0.15405541619386814	0.08849390825983507	0	0.030262885920471484	0	0	0.04821020677652689	0	0	0.15704044195663172	0	0	0	0.07669337401382058	0	0.3665698344873896	0	0	0.148	0.08946056958511452	1.0880721500635817
ENCFF699KSV	0.03615208908547988	0	0.023939345482489008	0	0.15358097987592984	0.2967456195347991	0	0	0	0	0.07599826181802469	0.011503598729669592	0.039523749845242095	0.0974919754723874	0	0	0	0.006848433551170034	0	0.25821594660480834	0	0	0.225	0.0610978493894408	1.0867268231107583
ENCFF376ZWZ	0.04125469074359884	0	0.024763827835763	0	0.20143156534099793	0.1275415747438828	0	0.0024413875645963715	0	0	0	0.04930233826199557	0	0.12542520134022273	0	0	0	0.03319834544458451	0	0.3946410687243582	0	0	0.332	0.036871712216726416	1.1230937460489774
ENCFF886ZLO	0.01558012955815478	0	0.009170060992296879	0	0.19839250445601644	0.1506190592410721	0	0	0	0	0	0.040636643659318586	0	0.13229202553471334	0	0	0	0.05539275204158496	0	0.3979168245168429	0	0	0.358	0.03235222562971997	1.1298553571338497
ENCFF111SEX	0.06517253649826925	0	0.1072287019348758	0	0.08272974304165594	0.2419256989429503	0	0.11291485657907804	0	0	0.005001011950987907	0.1835735127844971	0	0	0	0.04151059158376017	0	0.010546612272226627	0.14627094419846384	0	0.0031257902132350106	0	0.991	-0.0488	1.1365767339316908
ENCFF755GEI	0.22504706233731217	0	0.030194581864094627	0	0	0.37933058740420933	0	0.11897921820951515	0	0	0.016654869018909765	0.11559757705102923	0.0031069966157628416	0	0	0.039133574104048864	0	0.004617052777233684	0.0673384806178843	0	0	0	0.992	-0.0498	1.1472090970302835
ENCFF495BUA	0.06105431979540543	0	0.007145690265318379	0	0.047868244345571194	0.5356803450741862	0	0	0	0	0.1289242954536886	0	0	0.033346619228187026	0	0.05261497862889519	0	0	0.13336550720874804	0	0	0	0.996	-0.0537	1.152643418383605
ENCFF650BVH	0.1147903394149141	0	0.01731763965284467	0	0.10328437174737817	0.5051326790645096	0	0	0	0	0.03799305514903506	0.01669624787430307	0	0.13113654296602392	0	0.044779728166723855	0	0	0	0.028869395964267533	0	0	0.997	-0.0547	1.152788196779413
ENCFF274EWD	0.0428585664268283	0	0.0034451528587063304	0	0	0.10178713205543961	0	0.04674069628508617	0	0	0	0.04880360960156078	0.08686822292492166	0	0	0.2829836229768395	0	0	0.33259674494643626	0	0	0.0539162519241814	0.474	0.013878656197811073	1.1014826737469
ENCFF458UWF	0	0	0.0020948295508246666	0.0016539682779420555	0	0.13927042637844958	0	0.009717086377274937	0	0	0.0807098102072968	0	0.18428965215190699	0	0	0.17378236498914099	0	0.005322178176813815	0.3120165562149568	0	0	0.0911431276753934	0.217	0.06351017935122909	1.0846071293939612
ENCFF467LOW	0.23524864371875645	0	0.04283873120742105	0	0.17775844549154846	0.24847636591716388	0	0	0	0	0	0.13289001176045043	0.010000140991911688	0	0	0.07010321426638205	0	0.04883243446026181	0	0.03385201218610419	0	0	1.0	-0.0678	1.1451065833246257
ENCFF906UPT	0.1907006517426108	0	0	0	0.07810178851948624	0.2623364933508081	0	0.08852892441511569	0	0	0	0.22529620580058524	0	0	0.027961889134319202	0.07959985411024134	0	0.03866049752532949	0	0.008813695401503892	0	0	0.991	-0.0487	1.1563003539712626
ENCFF798LDD	0.0358602081079614	0	0.0038046787318306574	0	0.04904886206195021	0.07174885140295088	0	0	0	0	0	0.03597710657949461	0	0.17983158935839863	0	0	0	0	0	0.6237287037574136	0	0	0.007	0.3309146708080401	1.0323231879876853
ENCFF898LWW	0	0	0.004511446362237971	0	0.030200367830467922	0.12904067902741434	0	0	0	0	0	0.049963754071295004	0	0.12259125767352771	0	0	0	0	0	0.6636924950350572	0	0	0.068	0.14193891273097609	1.1744238630823982
ENCFF793MNO	0	0	0.0161875553412201	0	0.20412381661489007	0.20906523137748967	0	0.07312915061430994	0	0	0.10173490230678878	0	0.009462913822248283	0.14348017261671978	0	0	0	0.020358302667248734	0	0.22245795463908466	0	0	0.471	0.014274784330606388	1.1100972574429608
ENCFF970EZY	0.0063779921606458385	0	0.029267152867355692	0	0.1889257152875013	0.06799046420125637	0	0.018328447568070238	0	0	0	0.0326012316599468	0	0.22975585324466197	0	0	0	0.033351069832515304	0	0.38781321487539183	0	0.005588858302654654	0.169	0.08071706748025609	1.1103728907706802
ENCFF759EQF	0.01585575135641231	0	0.01213613622112687	0	0.15019993601216472	0.16281205060220041	0	0.00966943402740079	0	0	0.1613421643367887	0	0.029857775976262966	0.008329340920902987	0	0	0	0.006492184705566847	0	0.4310067559285265	0.012298469912646921	0	0.179	0.07706607929570616	1.1161074697032496
ENCFF788QAK	0	0	0	0	0	0.3410295490444687	0	0.11177066314553254	0	0	0.039699715056020504	0.04827552705092566	0.04189212544100004	0.12909762773088382	0.01076763420978745	0	0	0.06566389723911019	0.2090116800350969	0	0.002755341102779367	0	0.814	-0.0193	1.1073878336743235
ENCFF848HBI	0.017351431837707584	0	0.0013148233463922557	0	0	0.4330458783870231	0	0.14287377883042904	0	0	0	0.059674840345344836	0	0.10005397768987385	0.03829635782375577	0	0	0.06364216711886106	0.13928598175147425	0	0.0044607628691383	0	0.848	-0.0219	1.1214476516317144
ENCFF249RAD	0.08952128652751683	0	0.07206308952899021	0	0.2759694971529324	0	0	0.06799024326904561	0	0	0	0.08448614889706624	0	0.2259901283674952	0	0	0	0.04780247180938674	0	0.13617713444756677	0	0	0.422	0.02238116549963427	1.0890292986421581
ENCFF852SRQ	0	0	0.04874516696703756	0	0.2821967985735511	0.2716600408808188	0	0.005353231972299765	0	0	0.1378965232342812	0	0.0020728743731130385	0.061471713455333275	0	0.031762598807090064	0	0.008956129158858779	0	0.1498849225776164	0	0	0.511	0.009522402879208025	1.1182141990181287
ENCFF050NVH	0.04579100364141911	0	0.07611152240231717	0	0.112005553309832	0.32593905211318625	0	0	0	0	0	0.03952803628825288	0.0375410561098856	0	0	0	0	0.010497311418762235	0	0.33990743053354255	0.012679034182802201	0	0.326	0.03844204400113296	1.107091403631658
ENCFF870JUS	0.09986447598875037	0	0.003616210011406951	0	0.02878247607298025	0.3942354561395851	0	0	0	0	0.042950223993293055	0.06763128203879971	0	0.07733585639073257	0	0.051420216076439165	0	0	0.23416380328801284	0	0	0	0.912	-0.0301	1.1199059051318274
ENCFF353DEP	0.0651721375285181	0	0.0011903359844719508	0	0.06839883710632155	0.4425552114577834	0	0	0	0	0.10231691785565855	0.008767369696847844	0	0.054015147466581995	0	0.05938673516849703	0	0.005379879308109258	0.1928174284272103	0	0	0	0.998	-0.057	1.1382907349085636
ENCFF436XMQ	0.28946879516731716	0	0.015116036393911606	0	0	0.34058310197944225	0	0	0	0	0	0.22312643835200452	0.004475378173152228	0.05165742700484109	0	0.026044780940749048	0	0.042112179301295086	0	0	0.007415862687287037	0	0.996	-0.0533	1.1634061959023143
ENCFF684KLL	0.2237886541678003	0	0.03825715653897133	0	0	0.2589559277649501	0	0.05475267967749573	0	0	0	0.1926435043646493	0.0024403687253231506	0	0	0.159455100870344	0	0.03384184634801188	0	0.03586476154245425	0	0	0.997	-0.0542	1.1309830386425306
ENCFF640FPG	0.006509326366995215	0	0.0018883846002208824	0.11199801301555135	0	0.5176937297990434	0	0	0	0	0	0.09309736772424976	0.012062381438006876	0.02285916777982943	0	0	0	0.07674176059805012	0	0.15714986867805303	0	0	0.991	-0.0492	1.1646794735459207
ENCFF704TVE	0	0	0.010638581157566381	0	0.18498684919422578	0.5016163239045703	0	0	0	0	0.05710008225208777	0.05620866361409305	0.04219415155599657	0	0	0	0	0.0064473263827486225	0	0.14080802193871145	0	0	0.989	-0.0467	1.1747024646817072
